ev	intensity	ev	intensity
0	0	2.39	1.75E-05
1	0	2.776	3.11E-05
2	0	3.162	4.46E-05
3	0	3.548	5.81E-05
4	0	3.934	7.16E-05
5	0	4.32	8.51E-05
6	0	4.706	9.86E-05
7	0	5.092	1.12E-04
8	0	5.478	1.26E-04
9	0	5.864	1.39E-04
10	0	6.25	1.53E-04
11	0	6.636	1.66E-04
12	0	7.022	1.79E-04
13	0	7.408	1.93E-04
14	0	7.794	2.06E-04
15	0	8.18	2.19E-04
16	0	8.566	2.33E-04
17	0	8.952	2.46E-04
18	0	9.338	2.59E-04
19	0	9.724	2.72E-04
20	0	10.11	2.85E-04
21	0	10.496	2.98E-04
22	0	10.882	3.11E-04
23	0	11.268	3.24E-04
24	0	11.654	3.36E-04
25	0	12.04	3.48E-04
26	0	12.426	3.61E-04
27	0	12.812	3.73E-04
28	0	13.198	3.84E-04
29	0	13.584	3.96E-04
30	0	13.97	4.07E-04
31	0	14.356	4.18E-04
32	0	14.742	4.29E-04
33	0	15.128	4.40E-04
34	0	15.514	4.49E-04
35	0	15.9	4.59E-04
36	0	16.286	4.68E-04
37	0	16.672	4.77E-04
38	0	17.058	4.86E-04
39	0	17.444	4.94E-04
40	0	17.83	5.01E-04
41	0	18.216	5.08E-04
42	0	18.602	5.14E-04
43	0	18.988	5.19E-04
44	0	19.374	5.24E-04
45	0	19.76	5.28E-04
46	0	20.146	5.31E-04
47	0	20.532	5.34E-04
48	0	20.918	5.35E-04
49	0	21.304	5.36E-04
50	0	21.69	5.35E-04
51	0	22.076	5.34E-04
52	0	22.462	5.31E-04
53	0	22.848	5.28E-04
54	0	23.234	5.23E-04
55	0	23.62	5.17E-04
56	0	24.006	5.09E-04
57	0	24.392	5.00E-04
58	0	24.778	4.90E-04
59	0	25.164	4.78E-04
60	0.0052	25.55	4.65E-04
61	0	25.936	4.50E-04
62	0	26.322	4.33E-04
63	0	26.708	4.15E-04
64	0	27.094	3.95E-04
65	0	27.48	3.72E-04
66	0.00606	27.866	3.48E-04
67	8.44E-04	28.252	3.22E-04
68	0.00177	28.638	2.94E-04
69	0.02085	29.024	2.63E-04
70	0	29.41	2.30E-04
71	0.01809	29.796	1.95E-04
72	0.01996	30.182	1.57E-04
73	0.00979	30.568	1.17E-04
74	0.01088	30.954	7.40E-05
75	0.01884	31.34	2.86E-05
76	0.03152	31.726	0
77	0.02991	32.112	0
78	0.0445	32.498	0
79	0.0474	32.884	0
80	0.06274	33.27	0
81	0.04982	33.656	0
82	0.08809	34.042	0
83	0.0859	34.428	0
84	0.1046	34.814	0
85	0.09024	35.2	0
86	0.10265	35.586	0
87	0.09503	35.972	0
88	0.09499	36.358	0
89	0.14124	36.744	0
90	0.11381	37.13	0
91	0.13186	37.516	0
92	0.13222	37.902	0
93	0.17029	38.288	0
94	0.18553	38.674	0
95	0.18261	39.06	0
96	0.20284	39.446	0
97	0.22295	39.832	0
98	0.2068	40.218	0
99	0.25463	40.604	0
100	0.23958	40.99	0
101	0.29124	41.376	0
102	0.32601	41.762	0
103	0.36533	42.148	0
104	0.36815	42.534	0
105	0.39569	42.92	0
106	0.4473	43.306	0
107	0.50605	43.692	0
108	0.5316	44.078	0
109	0.59171	44.464	0
110	0.62829	44.85	0
111	0.67408	45.236	0
112	0.70677	45.622	0
113	0.77677	46.008	0
114	0.78319	46.394	0
115	0.78501	46.78	0
116	0.89188	47.166	0
117	0.8437	47.552	0
118	0.92104	47.938	0
119	0.90165	48.324	0
120	0.87828	48.71	0
121	0.89765	49.096	0
122	0.92564	49.482	0
123	0.93238	49.868	0
124	1.01911	50.254	0
125	0.99695	50.64	0
126	0.99091	51.026	0
127	1.04134	51.412	0
128	1.04201	51.798	0
129	1.00569	52.184	0
130	1.0917	52.57	0
131	0.99405	52.956	0
132	1.1025	53.342	0
133	1.08494	53.728	0
134	1.00949	54.114	0
135	0.94671	54.5	0
136	0.95707	54.886	0
137	0.95189	55.272	0
138	0.91828	55.658	0
139	0.92583	56.044	0
140	0.90928	56.43	0
141	0.86926	56.816	0
142	0.85596	57.202	0
143	0.77959	57.588	0
144	0.79164	57.974	0
145	0.7614	58.36	0
146	0.77673	58.746	0
147	0.69997	59.132	0
148	0.71662	59.518	0
149	0.73324	59.904	0
150	0.61981	60.29	0
151	0.65053	60.676	0
152	0.61108	61.062	0
153	0.63701	61.448	0
154	0.54411	61.834	0
155	0.64911	62.22	0
156	0.57088	62.606	0
157	0.52162	62.992	0
158	0.53126	63.378	0
159	0.45	63.764	0
160	0.48741	64.15	0
161	0.4664	64.536	0
162	0.44061	64.922	0
163	0.42494	65.308	0
164	0.38002	65.694	0
165	0.38943	66.08	4.64E-04
166	0.39343	66.466	0.0013
167	0.32515	66.852	0.00219
168	0.31952	67.238	0.00314
169	0.31727	67.624	0.00415
170	0.33824	68.01	0.00522
171	0.30728	68.396	0.00635
172	0.36448	68.782	0.00754
173	0.31704	69.168	0.0088
174	0.31678	69.554	0.01013
175	0.29045	69.94	0.01153
176	0.27572	70.326	0.013
177	0.23283	70.712	0.01454
178	0.25515	71.098	0.01615
179	0.28706	71.484	0.01785
180	0.21173	71.87	0.01961
181	0.30351	72.256	0.02147
182	0.20879	72.642	0.02341
183	0.21388	73.028	0.02541
184	0.2782	73.414	0.02751
185	0.2295	73.8	0.02971
186	0.17929	74.186	0.03197
187	0.20227	74.572	0.03434
188	0.17201	74.958	0.0368
189	0.20053	75.344	0.03935
190	0.17716	75.73	0.042
191	0.16897	76.116	0.04473
192	0.20584	76.502	0.04759
193	0.14977	76.888	0.05052
194	0.13875	77.274	0.05355
195	0.14091	77.66	0.0567
196	0.19026	78.046	0.05993
197	0.11738	78.432	0.06329
198	0.12923	78.818	0.06674
199	0.12091	79.204	0.07031
200	0.12302	79.59	0.07396
201	0.09584	79.976	0.07773
202	0.11533	80.362	0.08162
203	0.12161	80.748	0.08563
204	0.12367	81.134	0.08973
205	0.11088	81.52	0.09395
206	0.12012	81.906	0.09828
207	0.12289	82.292	0.10273
208	0.11093	82.678	0.1073
209	0.11996	83.064	0.11198
210	0.08367	83.45	0.11677
211	0.11422	83.836	0.12169
212	0.05891	84.222	0.12671
213	0.07126	84.608	0.13186
214	0.11467	84.994	0.13712
215	0.09488	85.38	0.14249
216	0.0821	85.766	0.14798
217	0.06575	86.152	0.15361
218	0.07878	86.538	0.15933
219	0.07673	86.924	0.16519
220	0.0928	87.31	0.17115
221	0.07574	87.696	0.17723
222	0.09421	88.082	0.18344
223	0.08743	88.468	0.18977
224	0.06629	88.854	0.1961
225	0.05196	89.24	0.20278
226	0.07648	89.626	0.20929
227	0.06434	90.012	0.21616
228	0.08203	90.398	0.22303
229	0.07992	90.784	0.23007
230	0.0566	91.17	0.23712
231	0.08446	91.556	0.24435
232	0.10249	91.942	0.25158
233	0.08731	92.328	0.25899
234	0.08433	92.714	0.26658
235	0.06089	93.1	0.27417
236	0.10809	93.486	0.28194
237	0.08938	93.872	0.28972
238	0.09366	94.258	0.29767
239	0.07187	94.644	0.3058
240	0.10959	95.03	0.31375
241	0.08113	95.416	0.32207
242	0.08944	95.802	0.33038
243	0.08183	96.188	0.3387
244	0.10163	96.574	0.34719
245	0.09172	96.96	0.35568
246	0.09573	97.346	0.36436
247	0.07143	97.732	0.37303
248	0.09422	98.118	0.38189
249	0.08883	98.504	0.39075
250	0.11233	98.89	0.3996
251	0.09964	99.276	0.40864
252	0.12205	99.662	0.41768
253	0.09896	100.048	0.42671
254	0.07417	100.434	0.43593
255	0.09041	100.82	0.44515
256	0.10047	101.206	0.45436
257	0.10008	101.592	0.46358
258	0.10086	101.978	0.47298
259	0.08939	102.364	0.48238
260	0.08366	102.75	0.49178
261	0.06929	103.136	0.50117
262	0.08014	103.522	0.51057
263	0.07369	103.908	0.52015
264	0.08386	104.294	0.52955
265	0.08679	104.68	0.53913
266	0.07815	105.066	0.54871
267	0.05648	105.452	0.55811
268	0.05867	105.838	0.56768
269	0.05871	106.224	0.57726
270	0.0486	106.61	0.58684
271	0.04789	106.996	0.59624
272	0.04066	107.382	0.60582
273	0.03414	107.768	0.61522
274	0.01962	108.154	0.6248
275	0.03055	108.54	0.63419
276	0.03274	108.926	0.64359
277	0.0182	109.312	0.65281
278	0.01821	109.698	0.66221
279	0.01967	110.084	0.67143
280	0.02552	110.47	0.68064
281	0.01094	110.856	0.68986
282	0.01095	111.242	0.6989
283	0.01899	111.628	0.70793
284	0.00658	112.014	0.71697
285	0.00658	112.4	0.72583
286	0.00512	112.786	0.73468
287	0.01098	113.172	0.74336
288	0.00366	113.558	0.75203
289	0.00293	113.944	0.76071
290	0.0044	114.33	0.7692
291	0.0044	114.716	0.77752
292	0.00294	115.102	0.78583
293	0.00294	115.488	0.79396
294	0.00514	115.874	0.80192
295	0.00294	116.26	0.80987
296	0	116.646	0.81782
297	0.00147	117.032	0.82541
298	0.00295	117.418	0.833
299	0.00368	117.804	0.84041
300	0.00589	118.19	0.84782
301	0	118.576	0.85505
302	0.00295	118.962	0.8621
303	0.00221	119.348	0.86897
304	0	119.734	0.87566
305	7.38E-04	120.12	0.88216
306	0.00148	120.506	0.88867
307	0	120.892	0.89499
308	0.00296	121.278	0.90114
309	0.00148	121.664	0.9071
310	0.00148	122.05	0.91289
311	0	122.436	0.91849
312	0.00148	122.822	0.92391
313	7.42E-04	123.208	0.92915
314	0.00148	123.594	0.93439
315	0.00149	123.98	0.93927
316	0.00149	124.366	0.94397
317	0	124.752	0.94849
318	0.00297	125.138	0.95301
319	7.44E-04	125.524	0.95717
320	0	125.91	0.96114
321	7.45E-04	126.296	0.96494
322	7.45E-04	126.682	0.96855
323	0.00149	127.068	0.97199
324	0	127.454	0.97524
325	7.46E-04	127.84	0.97831
326	0.00149	128.226	0.98102
327	7.47E-04	128.612	0.98373
328	0.00149	128.998	0.98626
329	0	129.384	0.98843
330	0.00224	129.77	0.99042
331	0	130.156	0.99241
332	0.003	130.542	0.99404
333	0	130.928	0.99548
334	0.00225	131.314	0.99675
335	0	131.7	0.99783
336	0.0015	132.086	0.99855
337	0	132.472	0.99928
338	7.51E-04	132.858	0.99982
339	7.52E-04	133.244	1
340	0.0015	133.63	1
341	0.0015	134.016	1
342	0	134.402	0.99964
343	0	134.788	0.9991
344	0.00151	135.174	0.99837
345	7.54E-04	135.56	0.99747
346	7.54E-04	135.946	0.99639
347	0.00226	136.332	0.99512
348	0	136.718	0.99367
349	0	137.104	0.99187
350	0.00151	137.49	0.99006
351	0	137.876	0.98807
352	0	138.262	0.9859
353	0	138.648	0.98355
354	0	139.034	0.98084
355	0.00151	139.42	0.97813
356	0	139.806	0.97524
357	0.00152	140.192	0.97217
358	7.58E-04	140.578	0.96891
359	0	140.964	0.96548
360	0	141.35	0.96205
361	0.00152	141.736	0.95825
362	0	142.122	0.95446
363	7.60E-04	142.508	0.9503
364	0	142.894	0.94614
365	7.60E-04	143.28	0.9418
366	7.62E-04	143.666	0.93747
367	0	144.052	0.93277
368	0	144.438	0.92807
369	0	144.824	0.92319
370	0	145.21	0.91813
371	0	145.596	0.91289
372	0	145.982	0.90765
373	0	146.368	0.90222
374	0	146.754	0.8968
375	7.65E-04	147.14	0.8912
376	0	147.526	0.88541
377	0	147.912	0.87963
378	0	148.298	0.87367
379	0	148.684	0.8677
380	0	149.07	0.86156
381	0	149.456	0.85523
382	0	149.842	0.84891
383	0	150.228	0.84258
384	0	150.614	0.83607
385	0	151	0.82939
386	0	151.386	0.82288
387	0	151.772	0.81601
388	0	152.158	0.80933
389	0	152.544	0.80246
390	0	152.93	0.79559
391	0	153.316	0.78854
392	0	153.702	0.78149
393	0	154.088	0.77444
394	0	154.474	0.7674
395	0	154.86	0.76017
396	0	155.246	0.75294
397	0	155.632	0.74571
398	0	156.018	0.73848
399	0	156.404	0.73125
400	0	156.79	0.72384
401	0	157.176	0.71643
402	0	157.562	0.7092
403	0	157.948	0.70179
404	0	158.334	0.69438
405	0	158.72	0.68697
406	0	159.106	0.67956
407	0	159.492	0.67215
408	0	159.878	0.66474
409	0	160.264	0.65715
410	0	160.65	0.64974
411	0	161.036	0.64233
412	0	161.422	0.63492
413	0	161.808	0.62751
414	0	162.194	0.62028
415	0	162.58	0.61287
416	0	162.966	0.60546
417	0	163.352	0.59823
418	0	163.738	0.59082
419	0	164.124	0.58359
420	0	164.51	0.57636
421	0	164.896	0.56913
422	0	165.282	0.56208
423	0	165.668	0.55485
424	0	166.054	0.5478
425	0	166.44	0.54076
426	0	166.826	0.53371
427	0	167.212	0.52666
428	0	167.598	0.51979
429	0	167.984	0.51292
430	0	168.37	0.50605
431	0	168.756	0.49937
432	0	169.142	0.4925
433	0	169.528	0.48581
434	0	169.914	0.47931
435	0	170.3	0.47262
436	0	170.686	0.46611
437	0	171.072	0.45979
438	0	171.458	0.45328
439	0	171.844	0.44695
440	0	172.23	0.44081
441	0	172.616	0.43448
442	0	173.002	0.42834
443	0	173.388	0.42237
444	0	173.774	0.41623
445	0	174.16	0.41045
446	0	174.546	0.40448
447	0	174.932	0.3987
448	0	175.318	0.39292
449	0	175.704	0.38731
450	0	176.09	0.38171
451	0	176.476	0.37611
452	0	176.862	0.37068
453	0	177.248	0.36526
454	0	177.634	0.36002
455	0	178.02	0.35478
456	0	178.406	0.34954
457	0	178.792	0.34448
458	0	179.178	0.33942
459	0	179.564	0.33436
460	0	179.95	0.32948
461	0	180.336	0.32478
462	0	180.722	0.3199
463	0	181.108	0.3152
464	0	181.494	0.31068
465	0	181.88	0.30616
466	0	182.266	0.30164
467	0	182.652	0.29731
468	0	183.038	0.29297
469	0	183.424	0.28863
470	0	183.81	0.28447
471	0	184.196	0.28032
472	0	184.582	0.27634
473	0	184.968	0.27237
474	0	185.354	0.26839
475	0	185.74	0.26459
476	0	186.126	0.2608
477	0	186.512	0.25718
478	0	186.898	0.25357
479	0	187.284	0.24995
480	0	187.67	0.24634
481	0	188.056	0.24291
482	0	188.442	0.23965
483	0	188.828	0.23622
484	0	189.214	0.23297
485	0	189.6	0.22989
486	0	189.986	0.22664
487	0	190.372	0.22357
488	0	190.758	0.22068
489	0	191.144	0.2176
490	0	191.53	0.21489
491	0	191.916	0.212
492	0	192.302	0.20929
493	0	192.688	0.20658
494	0	193.074	0.20387
495	0	193.46	0.20116
496	0	193.846	0.19863
497	0	194.232	0.19628
498	0	194.618	0.19375
499	0	195.004	0.1914
		195.39	0.18905
		195.776	0.1867
		196.162	0.18453
		196.548	0.18236
		196.934	0.18019
		197.32	0.1781
		197.706	0.17605
		198.092	0.17406
		198.478	0.17211
		198.864	0.17022
		199.25	0.16835
		199.636	0.16655
		200.022	0.16477
		200.408	0.16304
		200.794	0.16134
		201.18	0.1597
		201.566	0.15809
		201.952	0.15653
		202.338	0.155
		202.724	0.1535
		203.11	0.15205
		203.496	0.15062
		203.882	0.14925
		204.268	0.14789
		204.654	0.14659
		205.04	0.14531
		205.426	0.14406
		205.812	0.14285
		206.198	0.14166
		206.584	0.1405
		206.97	0.13938
		207.356	0.1383
		207.742	0.13723
		208.128	0.1362
		208.514	0.13519
		208.9	0.13421
		209.286	0.13326
		209.672	0.13233
		210.058	0.13143
		210.444	0.13054
		210.83	0.12969
		211.216	0.12886
		211.602	0.12807
		211.988	0.12727
		212.374	0.12651
		212.76	0.12577
		213.146	0.12505
		213.532	0.12434
		213.918	0.12366
		214.304	0.12301
		214.69	0.12236
		215.076	0.12172
		215.462	0.12113
		215.848	0.12053
		216.234	0.11995
		216.62	0.11939
		217.006	0.11883
		217.392	0.11831
		217.778	0.11778
		218.164	0.11728
		218.55	0.11679
		218.936	0.11632
		219.322	0.11585
		219.708	0.11538
		220.094	0.11495
		220.48	0.11451
		220.866	0.11408
		221.252	0.11366
		221.638	0.11327
		222.024	0.11287
		222.41	0.11247
		222.796	0.11209
		223.182	0.11171
		223.568	0.11135
		223.954	0.11099
		224.34	0.11063
		224.726	0.11028
		225.112	0.10994
		225.498	0.1096
		225.884	0.10925
		226.27	0.10893
		226.656	0.1086
		227.042	0.10828
		227.428	0.10795
		227.814	0.10763
		228.2	0.1073
		228.586	0.10698
		228.972	0.10667
		229.358	0.10634
		229.744	0.10604
		230.13	0.10571
		230.516	0.1054
		230.902	0.10508
		231.288	0.10475
		231.674	0.10445
		232.06	0.10412
		232.446	0.1038
		232.832	0.10347
		233.218	0.10313
		233.604	0.1028
		233.99	0.10246
		234.376	0.10213
		234.762	0.10179
		235.148	0.10143
		235.534	0.10108
		235.92	0.10072
		236.306	0.10036
		236.692	0.1
		237.078	0.09962
		237.464	0.09926
		237.85	0.09886
		238.236	0.09848
		238.622	0.09808
		239.008	0.09769
		239.394	0.09727
		239.78	0.09687
		240.166	0.09644
		240.552	0.09602
		240.938	0.09559
		241.324	0.09514
		241.71	0.0947
		242.096	0.09423
		242.482	0.09378
		242.868	0.09331
		243.254	0.09282
		243.64	0.09235
		244.026	0.09185
		244.412	0.09136
		244.798	0.09085
		245.184	0.09033
		245.57	0.08981
		245.956	0.08928
		246.342	0.08874
		246.728	0.0882
		247.114	0.08764
		247.5	0.08708
		247.886	0.08652
		248.272	0.08594
		248.658	0.08534
		249.044	0.08476
		249.43	0.08415
		249.816	0.08355
		250.202	0.08294
		250.588	0.08232
		250.974	0.08169
		251.36	0.08106
		251.746	0.08041
		252.132	0.07976
		252.518	0.07911
		252.904	0.07844
		253.29	0.07777
		253.676	0.0771
		254.062	0.07641
		254.448	0.07573
		254.834	0.07504
		255.22	0.07435
		255.606	0.07365
		255.992	0.07293
		256.378	0.07222
		256.764	0.0715
		257.15	0.07078
		257.536	0.07005
		257.922	0.06931
		258.308	0.06859
		258.694	0.06785
		259.08	0.06711
		259.466	0.06635
		259.852	0.06561
		260.238	0.06485
		260.624	0.06409
		261.01	0.06333
		261.396	0.06257
		261.782	0.06181
		262.168	0.06105
		262.554	0.06027
		262.94	0.05952
		263.326	0.05874
		263.712	0.05796
		264.098	0.0572
		264.484	0.05643
		264.87	0.05565
		265.256	0.05489
		265.642	0.05411
		266.028	0.05333
		266.414	0.05256
		266.8	0.0518
		267.186	0.05102
		267.572	0.05026
		267.958	0.04948
		268.344	0.04873
		268.73	0.04797
		269.116	0.04721
		269.502	0.04645
		269.888	0.04569
		270.274	0.04493
		270.66	0.04419
		271.046	0.04343
		271.432	0.04269
		271.818	0.04195
		272.204	0.04121
		272.59	0.04048
		272.976	0.03974
		273.362	0.03902
		273.748	0.03832
		274.134	0.03759
		274.52	0.03689
		274.906	0.03618
		275.292	0.03548
		275.678	0.03477
		276.064	0.03409
		276.45	0.0334
		276.836	0.03273
		277.222	0.03206
		277.608	0.03139
		277.994	0.03072
		278.38	0.03007
		278.766	0.02942
		279.152	0.02879
		279.538	0.02816
		279.924	0.02753
		280.31	0.02691
		280.696	0.0263
		281.082	0.02568
		281.468	0.02509
		281.854	0.02449
		282.24	0.02391
		282.626	0.02333
		283.012	0.02275
		283.398	0.02219
		283.784	0.02165
		284.17	0.02109
		284.556	0.02055
		284.942	0.02003
		285.328	0.0195
		285.714	0.01898
		286.1	0.01847
		286.486	0.01798
		286.872	0.01749
		287.258	0.017
		287.644	0.01652
		288.03	0.01606
		288.416	0.0156
		288.802	0.01514
		289.188	0.0147
		289.574	0.01426
		289.96	0.01384
		290.346	0.01341
		290.732	0.013
		291.118	0.0126
		291.504	0.0122
		291.89	0.01181
		292.276	0.01143
		292.662	0.01106
		293.048	0.0107
		293.434	0.01034
		293.82	0.00999
		294.206	0.00965
		294.592	0.00931
		294.978	0.00899
		295.364	0.00867
		295.75	0.00836
		296.136	0.00805
		296.522	0.00776
		296.908	0.00747
		297.294	0.00719
		297.68	0.00691
		298.066	0.00665
		298.452	0.00639
		298.838	0.00613
		299.224	0.00588
		299.61	0.00565
		299.996	0.00541
		300.382	0.00519
		300.768	0.00497
		301.154	0.00475
		301.54	0.00455
		301.926	0.00435
		302.312	0.00415
		302.698	0.00396
		303.084	0.00378
		303.47	0.0036
		303.856	0.00343
		304.242	0.00327
		304.628	0.00311
		305.014	0.00296
		305.4	0.00281
		305.786	0.00266
		306.172	0.00253
		306.558	0.00239
		306.944	0.00227
		307.33	0.00214
		307.716	0.00203
		308.102	0.00191
		308.488	0.0018
		308.874	0.0017
		309.26	0.0016
		309.646	0.00151
		310.032	0.00141
		310.418	0.00133
		310.804	0.00124
		311.19	0.00116
		311.576	0.00109
		311.962	0.00102
		312.348	9.49E-04
		312.734	8.84E-04
		313.12	8.23E-04
		313.506	7.65E-04
		313.892	7.10E-04
		314.278	6.58E-04
		314.664	6.10E-04
		315.05	5.64E-04
		315.436	5.21E-04
		315.822	4.80E-04
		316.208	4.43E-04
		316.594	4.07E-04
		316.98	3.75E-04
		317.366	3.44E-04
		317.752	3.16E-04
		318.138	2.90E-04
		318.524	2.66E-04
		318.91	2.45E-04
		319.296	2.24E-04
		319.682	2.07E-04
		320.068	1.90E-04
		320.454	1.76E-04
		320.84	1.63E-04
		321.226	1.51E-04
		321.612	1.41E-04
		321.998	1.33E-04
		322.384	1.25E-04
		322.77	1.19E-04
		323.156	1.15E-04
		323.542	1.11E-04
		323.928	1.08E-04
		324.314	1.07E-04
		324.7	1.06E-04
		325.086	1.06E-04
		325.472	1.07E-04
		325.858	1.09E-04
		326.244	1.11E-04
		326.63	1.14E-04
		327.016	1.18E-04
		327.402	1.22E-04
		327.788	1.27E-04
		328.174	1.32E-04
		328.56	1.38E-04
		328.946	1.44E-04
		329.332	1.50E-04
		329.718	1.56E-04
		330.104	1.63E-04
		330.49	1.70E-04
		330.876	1.77E-04
		331.262	1.84E-04
		331.648	1.91E-04
		332.034	1.99E-04
		332.42	2.06E-04
		332.806	2.13E-04
		333.192	2.21E-04
		333.578	2.28E-04
		333.964	2.35E-04
		334.35	2.42E-04
		334.736	2.49E-04
		335.122	2.56E-04
		335.508	2.62E-04
		335.894	2.68E-04
		336.28	2.75E-04
		336.666	2.80E-04
		337.052	2.86E-04
		337.438	2.92E-04
		337.824	2.97E-04
		338.21	3.02E-04
		338.596	3.06E-04
		338.982	3.11E-04
		339.368	3.15E-04
		339.754	3.18E-04
		340.14	3.22E-04
		340.526	3.25E-04
		340.912	3.28E-04
		341.298	3.30E-04
		341.684	3.32E-04
		342.07	3.34E-04
		342.456	3.36E-04
		342.842	3.37E-04
		343.228	3.38E-04
		343.614	3.39E-04
		344	3.39E-04
		344.386	3.39E-04
		344.772	3.39E-04
		345.158	3.38E-04
		345.544	3.37E-04
		345.93	3.36E-04
		346.316	3.34E-04
		346.702	3.33E-04
		347.088	3.31E-04
		347.474	3.29E-04
		347.86	3.26E-04
		348.246	3.23E-04
		348.632	3.20E-04
		349.018	3.17E-04
		349.404	3.14E-04
		349.79	3.11E-04
		350.176	3.07E-04
		350.562	3.03E-04
		350.948	2.99E-04
		351.334	2.94E-04
		351.72	2.90E-04
		352.106	2.86E-04
		352.492	2.81E-04
		352.878	2.76E-04
		353.264	2.71E-04
		353.65	2.66E-04
		354.036	2.61E-04
		354.422	2.56E-04
		354.808	2.51E-04
		355.194	2.45E-04
		355.58	2.40E-04
		355.966	2.35E-04
		356.352	2.29E-04
		356.738	2.24E-04
		357.124	2.18E-04
		357.51	2.13E-04
		357.896	2.07E-04
		358.282	2.02E-04
		358.668	1.96E-04
		359.054	1.90E-04
		359.44	1.85E-04
		359.826	1.79E-04
		360.212	1.74E-04
		360.598	1.68E-04
		360.984	1.63E-04
		361.37	1.58E-04
		361.756	1.52E-04
		362.142	1.47E-04
		362.528	1.42E-04
		362.914	1.37E-04
		363.3	1.32E-04
		363.686	1.27E-04
		364.072	1.22E-04
		364.458	1.17E-04
		364.844	1.12E-04
		365.23	1.08E-04
		365.616	1.03E-04
		366.002	9.88E-05
		366.388	9.44E-05
		366.774	9.01E-05
		367.16	8.59E-05
		367.546	8.18E-05
		367.932	7.78E-05
		368.318	7.39E-05
		368.704	7.01E-05
		369.09	6.64E-05
		369.476	6.28E-05
		369.862	5.94E-05
		370.248	5.60E-05
		370.634	5.27E-05
		371.02	4.95E-05
		371.406	4.64E-05
		371.792	4.34E-05
		372.178	4.06E-05
		372.564	3.78E-05
		372.95	3.51E-05
		373.336	3.25E-05
		373.722	3.00E-05
		374.108	2.76E-05
		374.494	2.53E-05
		374.88	2.31E-05
		375.266	2.10E-05
		375.652	1.90E-05
		376.038	1.70E-05
		376.424	1.52E-05
		376.81	1.34E-05
		377.196	1.17E-05
		377.582	1.01E-05
		377.968	8.55E-06
		378.354	7.10E-06
		378.74	5.71E-06
		379.126	4.40E-06
		379.512	3.16E-06
		379.898	1.98E-06
		380.284	8.69E-07
		380.67	0
		381.056	0
		381.442	0
		381.828	0
		382.214	0
		382.6	0
		382.986	0
		383.372	0
		383.758	0
		384.144	0
		384.53	0
		384.916	0
		385.302	0
		385.688	0
		386.074	0
		386.46	0
		386.846	0
		387.232	0
		387.618	0
		388.004	0
		388.39	0
		388.776	0
		389.162	0
		389.548	0
		389.934	0
		390.32	0
		390.706	0
		391.092	0
		391.478	0
		391.864	0
		392.25	0
		392.636	0
		393.022	0
		393.408	0
		393.794	0
		394.18	0
		394.566	0
		394.952	0
		395.338	0
		395.724	0
		396.11	0
		396.496	0
		396.882	0
		397.268	0
