26.97	2.833E-7	-89.0634
27.36	5.136E-7	-88.3792
27.75	7.549E-7	-87.695
28.13	1.007E-6	-87.0386
28.52	1.27E-6	-86.2544
28.9	1.545E-6	-85.498
29.29	1.831E-6	-84.8138
29.68	2.128E-6	-84.1296
30.06	2.436E-6	-83.4732
30.45	2.756E-6	-82.789
30.83	3.088E-6	-82.0326
31.22	3.431E-6	-81.3484
31.6	3.785E-6	-80.692
31.99	4.153E-6	-80.0078
32.38	4.532E-6	-79.3236
32.76	4.919E-6	-78.6672
33.15	5.322E-6	-77.883
33.53	5.737E-6	-77.2266
33.92	6.17E-6	-76.5424
34.31	6.618E-6	-75.8582
34.69	7.08E-6	-75.2018
35.08	7.554E-6	-74.5176
35.46	8.042E-6	-73.7612
35.85	8.54E-6	-73.077
36.24	9.049E-6	-72.3928
36.62	9.574E-6	-71.7364
37.01	1.01E-5	-71.0522
37.39	1.065E-5	-70.3958
37.78	1.12E-5	-69.7116
38.17	1.175E-5	-69.0274
38.55	1.232E-5	-68.371
38.94	1.29E-5	-67.6868
39.32	1.347E-5	-66.9304
39.71	1.406E-5	-66.2462
40.1	1.464E-5	-65.562
40.48	1.523E-5	-64.9056
40.87	1.582E-5	-64.2214
41.25	1.641E-5	-63.565
41.64	1.7E-5	-62.8808
42.03	1.759E-5	-62.1966
42.41	1.818E-5	-61.5402
42.8	1.876E-5	-60.856
43.18	1.933E-5	-60.2996
43.57	1.989E-5	-59.6154
43.96	2.042E-5	-58.9312
44.34	2.094E-5	-58.2748
44.73	2.144E-5	-57.6906
45.11	2.192E-5	-57.0342
45.5	2.235E-5	-56.35
45.88	2.276E-5	-55.7936
46.27	2.312E-5	-55.1094
46.66	2.345E-5	-54.4252
47.04	2.372E-5	-53.8688
47.43	2.395E-5	-53.1846
47.81	2.412E-5	-52.6282
48.2	2.422E-5	-51.944
48.59	2.426E-5	-51.3598
48.97	2.422E-5	-50.8034
49.36	2.41E-5	-50.1192
49.74	2.389E-5	-49.5628
50.13	2.358E-5	-48.9786
50.52	2.318E-5	-48.3944
50.9	2.264E-5	-47.738
51.29	2.201E-5	-47.1538
51.67	2.124E-5	-46.5974
52.06	2.033E-5	-46.0132
52.45	1.928E-5	-45.429
52.83	1.809E-5	-44.8726
53.22	1.673E-5	-44.2884
53.6	1.519E-5	-43.732
53.99	1.348E-5	-43.1478
54.38	1.157E-5	-42.5636
54.76	9.466E-6	-42.1072
55.15	7.139E-6	-41.523
55.53	4.588E-6	-40.9666
55.92	1.798E-6	-40.4824
56.31	0	-39.8982
56.69	0	-39.3418
57.08	0	-38.8576
57.46	0	-38.3012
57.85	0	-37.817
58.24	0	-37.2328
58.62	0	-36.6764
59.01	0	-36.1922
59.39	0	-35.7358
59.78	0	-35.1516
60.17	0	-34.6674
60.55	0	-34.211
60.94	0	-33.7268
61.32	0	-33.2704
61.71	0	-32.7862
62.09	0	-32.3298
62.48	0	-31.8456
62.87	0	-31.3614
63.25	0	-31.005
63.64	0	-30.5208
64.02	0	-30.0644
64.41	0	-29.6802
64.8	0	-29.196
65.18	0	-28.8396
65.57	0	-28.3554
65.95	0	-27.999
66.34	0	-27.5148
66.73	0	-27.1306
67.11	0	-26.6742
67.5	0	-26.29
67.88	0	-25.9336
68.27	0	-25.5494
68.66	0	-25.1652
69.04	0	-24.8088
69.43	0	-24.4246
69.81	0	-24.0682
70.2	0	-23.684
70.59	0	-23.2998
70.97	0	-22.9434
71.36	0	-22.5592
71.74	0	-22.2028
72.13	0	-21.9186
72.52	0	-21.5344
72.9	0	-21.178
73.29	0	-20.8938
73.67	0	-20.5374
74.06	0	-20.2532
74.45	0	-19.869
74.83	0	-19.6126
75.22	0	-19.2284
75.6	0	-18.972
75.99	0	-18.6878
76.38	0	-18.3036
76.76	0	-18.0472
77.15	0	-17.763
77.53	0	-17.5066
77.92	0	-17.2224
78.3	0	-16.966
78.69	0	-16.6818
79.08	0	-16.3976
79.46	0	-16.1412
79.85	0	-15.857
80.23	0	-15.6006
80.62	0	-15.3164
81.01	0	-15.0322
81.39	0	-14.8758
81.78	0	-14.5916
82.16	0	-14.3352
82.55	0	-14.051
82.94	0	-13.8668
83.32	0	-13.6104
83.71	0	-13.4262
84.09	0	-13.1698
84.48	0	-12.9856
84.87	0	-12.7014
85.25	0	-12.545
85.64	0	-12.2608
86.02	0	-12.1044
86.41	0	-11.9202
86.8	0	-11.636
87.18	0	-11.4796
87.57	0	-11.2954
87.95	0	-11.139
88.34	0	-10.8548
88.73	0	-10.6706
89.11	0	-10.5142
89.5	0	-10.33
89.88	0	-10.1736
90.27	0	-9.9894
90.66	8.85E-5	-9.8052
91.04	2.509E-4	-9.6488
91.43	4.278E-4	-9.4646
91.81	6.193E-4	-9.3082
92.2	8.267E-4	-9.124
92.58	0.00105	-8.9676
92.97	0.00129	-8.8834
93.36	0.00155	-8.6992
93.74	0.00183	-8.5428
94.13	0.00213	-8.3586
94.51	0.00245	-8.2022
94.9	0.00279	-8.118
95.29	0.00315	-7.9338
95.67	0.00353	-7.6774
96.06	0.00395	-7.5932
96.44	0.00437	-7.4368
96.83	0.00482	-7.2526
97.22	0.0053	-7.1684
97.6	0.00579	-7.012
97.99	0.00632	-6.9278
98.37	0.00687	-6.7714
98.76	0.00744	-6.6872
99.15	0.00805	-6.503
99.53	0.00871	-6.4466
99.92	0.00941	-6.2624
100.3	0.01015	-6.206
100.7	0.01092	-6.094
101.1	0.01173	-5.882
101.5	0.01259	-5.77
101.8	0.01349	-5.936
102.2	0.01444	-5.724
102.6	0.01542	-5.612
103	0.01645	-5.5
103.4	0.01752	-5.288
103.8	0.01865	-5.176
104.2	0.01982	-5.064
104.5	0.02104	-5.23
104.9	0.02231	-5.118
105.3	0.02365	-4.906
105.7	0.02503	-4.794
106.1	0.02647	-4.682
106.5	0.02796	-4.57
106.9	0.02952	-4.458
107.3	0.03114	-4.346
107.6	0.03282	-4.512
108	0.03455	-4.4
108.4	0.03636	-4.288
108.8	0.03823	-4.176
109.2	0.04018	-4.064
109.6	0.04218	-3.952
110	0.04425	-3.84
110.3	0.0464	-4.006
110.7	0.04863	-3.894
111.1	0.05093	-3.782
111.5	0.05329	-3.67
111.9	0.05574	-3.558
112.3	0.05826	-3.446
112.7	0.06088	-3.334
113	0.06357	-3.6
113.4	0.06629	-3.488
113.8	0.06919	-3.376
114.2	0.07208	-3.264
114.6	0.07515	-3.152
115	0.07824	-3.04
115.4	0.08144	-3.028
115.7	0.08471	-3.194
116.1	0.0881	-3.082
116.5	0.09154	-2.97
116.9	0.09508	-2.958
117.3	0.09874	-2.846
117.7	0.1025	-2.734
118.1	0.1063	-2.722
118.4	0.1103	-2.888
118.8	0.1143	-2.776
119.2	0.1184	-2.764
119.6	0.1226	-2.652
120	0.127	-2.54
120.4	0.1314	-2.528
120.8	0.1359	-2.416
121.1	0.1405	-2.682
121.5	0.1452	-2.57
121.9	0.15	-2.458
122.3	0.155	-2.446
122.7	0.16	-2.334
123.1	0.1651	-2.322
123.5	0.1703	-2.21
123.8	0.1756	-2.476
124.2	0.1811	-2.364
124.6	0.1865	-2.352
125	0.1922	-2.24
125.4	0.1979	-2.228
125.8	0.2037	-2.116
126.2	0.2096	-2.104
126.5	0.2157	-2.27
126.9	0.2219	-2.258
127.3	0.2282	-2.146
127.7	0.2347	-2.134
128.1	0.2412	-2.022
128.5	0.2479	-2.01
128.9	0.2545	-1.998
129.3	0.2613	-1.886
129.6	0.2683	-2.152
130	0.2753	-2.04
130.4	0.2825	-2.028
130.8	0.2897	-2.016
131.2	0.297	-1.904
131.6	0.3043	-1.892
132	0.3119	-1.88
132.3	0.3195	-2.046
132.7	0.3271	-2.034
133.1	0.3348	-2.022
133.5	0.3426	-1.91
133.9	0.3505	-1.898
134.3	0.3586	-1.886
134.7	0.3666	-1.774
135	0.3747	-2.04
135.4	0.3829	-2.028
135.8	0.3911	-1.916
136.2	0.3995	-1.904
136.6	0.408	-1.892
137	0.4164	-1.88
137.4	0.4248	-1.768
137.7	0.4333	-2.034
138.1	0.442	-2.022
138.5	0.4508	-1.91
138.9	0.4596	-1.898
139.3	0.4682	-1.886
139.7	0.477	-1.874
140.1	0.4858	-1.762
140.4	0.4946	-2.028
140.8	0.5035	-2.016
141.2	0.5126	-2.004
141.6	0.5214	-1.892
142	0.5303	-1.88
142.4	0.5392	-1.868
142.8	0.5483	-1.856
143.1	0.5574	-2.122
143.5	0.5665	-2.01
143.9	0.5756	-1.998
144.3	0.5848	-1.986
144.7	0.5939	-1.974
145.1	0.6033	-1.862
145.5	0.6126	-1.85
145.8	0.622	-2.116
146.2	0.631	-2.104
146.6	0.6402	-2.092
147	0.6493	-1.98
147.4	0.6584	-1.968
147.8	0.6676	-1.956
148.2	0.6769	-1.944
148.5	0.6857	-2.11
148.9	0.6946	-2.098
149.3	0.7034	-2.086
149.7	0.7125	-2.074
150.1	0.7213	-2.062
150.5	0.7302	-1.95
150.9	0.7388	-1.938
151.2	0.7473	-2.204
151.6	0.7558	-2.192
152	0.7642	-2.18
152.4	0.7727	-2.068
152.8	0.7811	-2.056
153.2	0.7893	-2.044
153.6	0.7973	-2.032
154	0.8052	-1.92
154.3	0.813	-2.186
154.7	0.821	-2.174
155.1	0.8288	-2.162
155.5	0.8364	-2.05
155.9	0.8437	-2.038
156.3	0.851	-2.026
156.7	0.858	-2.014
157	0.8652	-2.28
157.4	0.8723	-2.168
157.8	0.8792	-2.156
158.2	0.8858	-2.144
158.6	0.8923	-2.132
159	0.8986	-2.02
159.4	0.9048	-2.008
159.7	0.9109	-2.274
160.1	0.917	-2.262
160.5	0.923	-2.15
160.9	0.9284	-2.138
161.3	0.9337	-2.126
161.7	0.9388	-2.114
162.1	0.9439	-2.002
162.4	0.949	-2.268
162.8	0.9539	-2.256
163.2	0.9585	-2.144
163.6	0.962	-2.132
164	0.9655	-2.12
164.4	0.9689	-2.108
164.8	0.9722	-1.996
165.1	0.9754	-2.262
165.5	0.9784	-2.25
165.9	0.9813	-2.138
166.3	0.9836	-2.126
166.7	0.9859	-2.114
167.1	0.988	-2.102
167.5	0.99	-1.99
167.8	0.9919	-2.256
168.2	0.9938	-2.244
168.6	0.9951	-2.132
169	0.9963	-2.12
169.4	0.9973	-2.108
169.8	0.9981	-1.996
170.2	0.9987	-1.984
170.5	0.9993	-2.25
170.9	0.9997	-2.138
171.3	1	-2.126
171.7	0.9999	-2.114
172.1	0.9995	-2.002
172.5	0.9991	-1.99
172.9	0.9986	-1.978
173.2	0.998	-2.144
173.6	0.9972	-2.132
174	0.9961	-2.12
174.4	0.9947	-2.008
174.8	0.9933	-1.996
175.2	0.9916	-1.884
175.6	0.9897	-1.872
176	0.9881	-1.86
176.3	0.9859	-2.026
176.7	0.9839	-2.014
177.1	0.9814	-2.002
177.5	0.9788	-1.89
177.9	0.9759	-1.878
178.3	0.973	-1.766
178.7	0.9701	-1.754
179	0.9672	-2.02
179.4	0.9639	-1.908
179.8	0.9605	-1.896
180.2	0.9569	-1.784
180.6	0.9532	-1.772
181	0.9495	-1.66
181.4	0.9454	-1.648
181.7	0.9414	-1.814
182.1	0.9375	-1.802
182.5	0.9334	-1.79
182.9	0.9291	-1.678
183.3	0.9247	-1.666
183.7	0.9203	-1.554
184.1	0.9159	-1.542
184.4	0.9114	-1.708
184.8	0.9066	-1.696
185.2	0.9019	-1.584
185.6	0.8971	-1.572
186	0.892	-1.46
186.4	0.8869	-1.368
186.8	0.8819	-1.306
187.1	0.8767	-1.512
187.5	0.8713	-1.45
187.9	0.8662	-1.378
188.3	0.8607	-1.316
188.7	0.8553	-1.244
189.1	0.8496	-1.182
189.5	0.8406	-1.11
189.8	0.8302	-1.316
190.2	0.8195	-1.244
190.6	0.8091	-1.182
191	0.7987	-1.11
191.4	0.7882	-1.028
191.8	0.7778	-0.956
192.2	0.7677	-0.884
192.5	0.7576	-1.09
192.9	0.7474	-1.018
193.3	0.7375	-0.936
193.7	0.7274	-0.864
194.1	0.7175	-0.772
194.5	0.7079	-0.69
194.9	0.698	-0.618
195.2	0.6884	-0.814
195.6	0.6791	-0.732
196	0.6695	-0.65
196.4	0.6601	-0.568
196.8	0.651	-0.486
197.2	0.6417	-0.404
197.6	0.6326	-0.312
197.9	0.6238	-0.508
198.3	0.6147	-0.426
198.7	0.6062	-0.334
199.1	0.5974	-0.242
199.5	0.5889	-0.16
199.9	0.5803	-0.068
200.3	0.572	0.024
200.7	0.5638	0.116
201	0.5555	-0.07
201.4	0.5475	0.022
201.8	0.5395	0.114
202.2	0.5317	0.216
202.6	0.524	0.308
203	0.5162	0.4
203.4	0.5088	0.502
203.7	0.5013	0.326
204.1	0.4938	0.418
204.5	0.4866	0.52
204.9	0.4797	0.622
205.3	0.4725	0.724
205.7	0.4655	0.826
206.1	0.4589	0.938
206.4	0.4522	0.762
206.8	0.4455	0.864
207.2	0.4391	0.976
207.6	0.4327	1.078
208	0.4263	1.19
208.4	0.4201	1.302
208.8	0.414	1.414
209.1	0.4081	1.248
209.5	0.4023	1.36
209.9	0.3964	1.472
210.3	0.3908	1.584
210.7	0.3852	1.716
211.1	0.3798	1.828
211.5	0.3745	1.95
211.8	0.3692	1.784
212.2	0.3638	1.906
212.6	0.3588	2.028
213	0.354	2.15
213.4	0.3489	2.272
213.8	0.3441	2.394
214.2	0.3395	2.516
214.5	0.3347	2.36
214.9	0.3302	2.492
215.3	0.3259	2.614
215.7	0.3214	2.746
216.1	0.3174	2.878
216.5	0.3131	3.01
216.9	0.3091	3.132
217.2	0.3051	2.986
217.6	0.3011	3.128
218	0.2971	3.26
218.4	0.2934	3.392
218.8	0.2899	3.524
219.2	0.2862	3.666
219.6	0.2827	3.808
219.9	0.2792	3.662
220.3	0.2757	3.804
220.7	0.2725	3.945
221.1	0.2693	4.087
221.5	0.2661	4.23
221.9	0.263	4.373
222.3	0.26	4.518
222.7	0.2571	4.664
223	0.2542	4.533
223.4	0.2514	4.68
223.8	0.2486	4.828
224.2	0.246	4.9783
224.6	0.2434	5.1285
225	0.2408	5.28
225.4	0.2383	5.432
225.7	0.2359	5.307
226.1	0.2335	5.461
226.5	0.2312	5.616
226.9	0.2289	5.773
227.3	0.2267	5.93
227.7	0.2246	6.088
228.1	0.2225	6.247
228.4	0.2204	6.128
228.8	0.2184	6.284
229.2	0.2165	6.446
229.6	0.2146	6.618
230	0.2128	6.78
230.4	0.211	6.942
230.8	0.2092	7.114
231.1	0.2075	6.998
231.5	0.2059	7.17
231.9	0.2043	7.332
232.3	0.2027	7.504
232.7	0.2012	7.676
233.1	0.1997	7.848
233.5	0.1982	8.02
233.8	0.1968	7.914
234.2	0.1954	8.086
234.6	0.1941	8.258
235	0.1928	8.44
235.4	0.1915	8.612
235.8	0.1903	8.794
236.2	0.1891	8.976
236.5	0.188	8.87
236.9	0.1869	9.052
237.3	0.1858	9.234
237.7	0.1847	9.416
238.1	0.1836	9.608
238.5	0.1826	9.79
238.9	0.1817	9.972
239.2	0.1807	9.886
239.6	0.1798	10.068
240	0.1789	10.26
240.4	0.178	10.452
240.8	0.1772	10.644
241.2	0.1763	10.836
241.6	0.1755	11.028
241.9	0.1747	10.952
242.3	0.174	11.144
242.7	0.1732	11.346
243.1	0.1725	11.538
243.5	0.1718	11.74
243.9	0.1711	11.942
244.3	0.1704	12.144
244.6	0.1698	12.068
245	0.1691	12.27
245.4	0.1685	12.482
245.8	0.1679	12.684
246.2	0.1673	12.896
246.6	0.1667	13.108
247	0.1661	13.32
247.4	0.1656	13.532
247.7	0.165	13.466
248.1	0.1645	13.688
248.5	0.1639	13.9
248.9	0.1634	14.122
249.3	0.1629	14.334
249.7	0.1624	14.556
250.1	0.1619	14.778
250.4	0.1614	14.732
250.8	0.1609	14.954
251.2	0.1604	15.176
251.6	0.1599	15.418
252	0.1594	15.65
252.4	0.159	15.882
252.8	0.1585	16.114
253.1	0.158	16.068
253.5	0.1575	16.3
253.9	0.1571	16.542
254.3	0.1566	16.784
254.7	0.1561	17.016
255.1	0.1557	17.258
255.5	0.1552	17.51
255.8	0.1547	17.474
256.2	0.1543	17.716
256.6	0.1538	17.968
257	0.1533	18.22
257.4	0.1528	18.472
257.8	0.1523	18.724
258.2	0.1518	18.976
258.5	0.1513	18.95
258.9	0.1508	19.212
259.3	0.1503	19.474
259.7	0.1498	19.736
260.1	0.1493	19.998
260.5	0.1488	20.26
260.9	0.1482	20.522
261.2	0.1477	20.516
261.6	0.1471	20.778
262	0.1466	21.05
262.4	0.146	21.322
262.8	0.1455	21.594
263.2	0.1449	21.876
263.6	0.1443	22.148
263.9	0.1437	22.152
264.3	0.1431	22.434
264.7	0.1424	22.706
265.1	0.1418	22.988
265.5	0.1412	23.28
265.9	0.1405	23.562
266.3	0.1399	23.854
266.6	0.1392	23.858
267	0.1385	24.15
267.4	0.1378	24.442
267.8	0.1371	24.744
268.2	0.1364	25.056
268.6	0.1357	25.368
269	0.1349	25.68
269.4	0.1342	25.892
269.7	0.1334	25.926
270.1	0.1326	26.238
270.5	0.1319	26.55
270.9	0.1311	26.862
271.3	0.1303	27.174
271.7	0.1294	27.486
272.1	0.1286	27.798
272.4	0.1278	27.832
272.8	0.1269	28.144
273.2	0.126	28.456
273.6	0.1252	28.768
274	0.1243	29.08
274.4	0.1234	29.392
274.8	0.1225	29.704
275.1	0.1216	29.738
275.5	0.1207	30.05
275.9	0.1197	30.362
276.3	0.1188	30.674
276.7	0.1178	30.986
277.1	0.1168	31.298
277.5	0.1158	31.61
277.8	0.1149	31.744
278.2	0.1139	32.056
278.6	0.1129	32.368
279	0.1118	32.68
279.4	0.1108	32.992
279.8	0.1098	33.304
280.2	0.1088	33.716
280.5	0.1077	33.75
280.9	0.1067	34.062
281.3	0.1056	34.374
281.7	0.1045	34.786
282.1	0.1035	35.098
282.5	0.1024	35.41
282.9	0.1013	35.722
283.2	0.1002	35.856
283.6	0.09911	36.168
284	0.09799	36.48
284.4	0.0969	36.892
284.8	0.09577	37.204
285.2	0.09465	37.516
285.6	0.09353	37.928
285.9	0.09241	37.962
286.3	0.09129	38.374
286.7	0.09017	38.686
287.1	0.08902	38.998
287.5	0.0879	39.41
287.9	0.08675	39.722
288.3	0.0856	40.134
288.6	0.08448	40.168
289	0.08334	40.58
289.4	0.08219	40.892
289.8	0.08107	41.304
290.2	0.07992	41.616
290.6	0.07877	42.028
291	0.07762	42.34
291.3	0.0765	42.474
291.7	0.07535	42.786
292.1	0.07423	43.198
292.5	0.07309	43.61
292.9	0.07196	43.922
293.3	0.07084	44.334
293.7	0.06972	44.646
294.1	0.0686	45.058
294.4	0.06748	45.192
294.8	0.06636	45.504
295.2	0.06526	45.916
295.6	0.06414	46.328
296	0.06305	46.64
296.4	0.06195	47.052
296.8	0.06086	47.464
297.1	0.05979	47.598
297.5	0.0587	47.91
297.9	0.05763	48.322
298.3	0.05659	48.734
298.7	0.05552	49.146
299.1	0.05448	49.558
299.5	0.05344	49.87
299.8	0.0524	50.004
300.2	0.05136	50.416
300.6	0.05034	50.828
301	0.04933	51.24
301.4	0.04834	51.652
301.8	0.04735	52.064
302.2	0.04637	52.376
302.5	0.04538	52.51
302.9	0.04442	52.922
303.3	0.04346	53.334
303.7	0.04252	53.746
304.1	0.04159	54.158
304.5	0.04065	54.57
304.9	0.03975	54.982
305.2	0.03884	55.116
305.6	0.03793	55.528
306	0.03705	55.94
306.4	0.03617	56.352
306.8	0.03531	56.764
307.2	0.03446	57.176
307.6	0.03361	57.588
307.9	0.03278	57.722
308.3	0.03198	58.134
308.7	0.03115	58.646
309.1	0.03035	59.058
309.5	0.02958	59.47
309.9	0.0288	59.882
310.3	0.02803	60.294
310.6	0.02728	60.428
311	0.02655	60.84
311.4	0.02583	61.352
311.8	0.02511	61.764
312.2	0.02441	62.176
312.6	0.02371	62.588
313	0.02303	63
313.3	0.02237	63.234
313.7	0.02171	63.646
314.1	0.02107	64.058
314.5	0.02043	64.57
314.9	0.01981	64.982
315.3	0.0192	65.394
315.7	0.01861	65.806
316	0.01802	66.04
316.4	0.01745	66.452
316.8	0.01689	66.864
317.2	0.01633	67.376
317.6	0.0158	67.788
318	0.01527	68.2
318.4	0.01475	68.712
318.8	0.01425	69.124
319.1	0.01375	69.358
319.5	0.01327	69.77
319.9	0.0128	70.182
320.3	0.01234	70.694
320.7	0.01189	71.106
321.1	0.01146	71.618
321.5	0.01103	72.03
321.8	0.01062	72.264
322.2	0.01021	72.676
322.6	0.00981	73.188
323	0.00943	73.6
323.4	0.00906	74.112
323.8	0.00869	74.524
324.2	0.00834	75.036
324.5	0.008	75.17
324.9	0.00766	75.682
325.3	0.00734	76.094
325.7	0.00702	76.606
326.1	0.00672	77.018
326.5	0.00642	77.53
326.9	0.00613	78.042
327.2	0.00585	78.176
327.6	0.00558	78.688
328	0.00532	79.1
328.4	0.00507	79.612
328.8	0.00483	80.124
329.2	0.00459	80.536
329.6	0.00437	81.048
329.9	0.00415	81.182
330.3	0.00394	81.694
330.7	0.00373	82.206
331.1	0.00354	82.618
331.5	0.00335	83.13
331.9	0.00317	83.642
332.3	0.00299	84.054
332.6	0.00282	84.288
333	0.00266	84.8
333.4	0.00251	85.312
333.8	0.00236	85.724
334.2	0.00222	86.236
334.6	0.00209	86.748
335	0.00196	87.16
335.3	0.00184	87.394
335.7	0.00172	87.906
336.1	0.00161	88.418
336.5	0.0015	88.83
336.9	0.0014	89.342
337.3	0.00131	89.854
337.7	0.00122	90.366
338	0.00113	90.5
338.4	0.00105	91.012
338.8	9.724E-4	91.524
339.2	9.004E-4	92.036
339.6	8.326E-4	92.448
340	7.69E-4	92.96
340.4	7.092E-4	93.472
340.8	6.537E-4	93.984
341.1	6.017E-4	94.218
341.5	5.533E-4	94.63
341.9	5.085E-4	95.142
342.3	4.669E-4	95.654
342.7	4.284E-4	96.166
343.1	3.932E-4	96.678
343.5	3.612E-4	97.09
343.8	3.315E-4	97.324
344.2	3.051E-4	97.836
344.6	2.811E-4	98.348
345	2.594E-4	98.76
345.4	2.402E-4	99.272
345.8	2.234E-4	99.784
346.2	2.087E-4	100.296
346.5	1.96E-4	100.53
346.9	1.853E-4	100.942
347.3	1.765E-4	101.454
347.7	1.694E-4	101.966
348.1	1.64E-4	102.478
348.5	1.601E-4	102.99
348.9	1.577E-4	103.402
349.2	1.567E-4	103.636
349.6	1.569E-4	104.148
350	1.584E-4	104.66
350.4	1.609E-4	105.172
350.8	1.645E-4	105.584
351.2	1.691E-4	106.096
351.6	1.745E-4	106.608
351.9	1.807E-4	106.842
352.3	1.877E-4	107.254
352.7	1.953E-4	107.766
353.1	2.035E-4	108.278
353.5	2.122E-4	108.79
353.9	2.213E-4	109.202
354.3	2.309E-4	109.714
354.6	2.408E-4	109.948
355	2.51E-4	110.46
355.4	2.614E-4	110.872
355.8	2.72E-4	111.384
356.2	2.827E-4	111.896
356.6	2.934E-4	112.308
357	3.043E-4	112.82
357.3	3.15E-4	113.054
357.7	3.259E-4	113.466
358.1	3.363E-4	113.978
358.5	3.47E-4	114.49
358.9	3.574E-4	114.902
359.3	3.676E-4	115.414
359.7	3.774E-4	115.926
360	3.871E-4	116.06
360.4	3.964E-4	116.572
360.8	4.055E-4	117.084
361.2	4.143E-4	117.496
361.6	4.228E-4	118.008
362	4.308E-4	118.42
362.4	4.383E-4	118.932
362.7	4.455E-4	119.066
363.1	4.524E-4	119.578
363.5	4.589E-4	119.99
363.9	4.647E-4	120.502
364.3	4.703E-4	121.014
364.7	4.754E-4	121.426
365.1	4.799E-4	121.838
365.5	4.842E-4	122.35
365.8	4.877E-4	122.484
366.2	4.909E-4	122.996
366.6	4.938E-4	123.408
367	4.96E-4	123.92
367.4	4.978E-4	124.332
367.8	4.992E-4	124.744
368.2	5E-4	125.256
368.5	5.005E-4	125.39
368.9	5.005E-4	125.902
369.3	5E-4	126.314
369.7	4.992E-4	126.726
370.1	4.978E-4	127.138
370.5	4.96E-4	127.65
370.9	4.938E-4	128.062
371.2	4.914E-4	128.196
371.6	4.885E-4	128.608
372	4.853E-4	129.12
372.4	4.815E-4	129.532
372.8	4.775E-4	129.944
373.2	4.733E-4	130.356
373.6	4.687E-4	130.768
373.9	4.637E-4	130.902
374.3	4.586E-4	131.314
374.7	4.53E-4	131.726
375.1	4.471E-4	132.138
375.5	4.412E-4	132.55
375.9	4.348E-4	132.962
376.3	4.284E-4	133.374
376.6	4.218E-4	133.508
377	4.148E-4	133.92
377.4	4.079E-4	134.332
377.8	4.007E-4	134.744
378.2	3.932E-4	135.156
378.6	3.857E-4	135.568
379	3.78E-4	135.88
379.3	3.702E-4	136.014
379.7	3.625E-4	136.426
380.1	3.545E-4	136.838
380.5	3.465E-4	137.15
380.9	3.385E-4	137.562
381.3	3.302E-4	137.874
381.7	3.222E-4	138.286
382	3.139E-4	138.42
382.4	3.056E-4	138.732
382.8	2.976E-4	139.144
383.2	2.894E-4	139.456
383.6	2.811E-4	139.868
384	2.731E-4	140.18
384.4	2.649E-4	140.492
384.7	2.568E-4	140.626
385.1	2.488E-4	140.938
385.5	2.408E-4	141.25
385.9	2.329E-4	141.662
386.3	2.251E-4	141.974
386.7	2.174E-4	142.286
387.1	2.097E-4	142.598
387.5	2.022E-4	142.91
387.8	1.947E-4	143.044
388.2	1.874E-4	143.356
388.6	1.802E-4	143.668
389	1.731E-4	143.98
389.4	1.661E-4	144.292
389.8	1.592E-4	144.604
390.2	1.525E-4	144.916
390.5	1.459E-4	144.95
390.9	1.394E-4	145.162
391.3	1.331E-4	145.474
391.7	1.269E-4	145.786
392.1	1.208E-4	146.098
392.5	1.149E-4	146.41
392.9	1.092E-4	146.622
393.2	1.036E-4	146.656
393.6	9.812E-5	146.968
394	9.281E-5	147.18
394.4	8.766E-5	147.492
394.8	8.267E-5	147.704
395.2	7.781E-5	148.016
395.6	7.311E-5	148.228
395.9	6.855E-5	148.262
396.3	6.414E-5	148.474
396.7	5.99E-5	148.786
397.1	5.579E-5	148.998
397.5	5.181E-5	149.21
397.9	4.799E-5	149.522
398.3	4.431E-5	149.734
398.6	4.079E-5	149.668
399	3.737E-5	149.98
399.4	3.411E-5	150.192
399.8	3.099E-5	150.404
400.2	2.8E-5	150.616
400.6	2.513E-5	150.828
401	2.238E-5	151.04
401.3	1.977E-5	151.074
401.7	1.727E-5	151.286
402.1	1.489E-5	151.498
402.5	1.263E-5	151.71
402.9	1.048E-5	151.922
403.3	8.438E-6	152.134
403.7	6.5E-6	152.346
404	4.663E-6	152.28
404.4	2.926E-6	152.392
404.8	1.283E-6	152.604
405.2	0	152.816
405.6	0	153.028
406	0	153.24
406.4	0	153.452
406.7	0	153.286
407.1	0	153.498
407.5	0	153.71
407.9	0	153.922
408.3	0	154.034
408.7	0	154.246
409.1	0	154.458
409.4	0	154.392
409.8	0	154.504
410.2	0	154.716
410.6	0	154.928
411	0	155.04
411.4	0	155.252
411.8	0	155.364
412.2	0	155.576
412.5	0	155.51
412.9	0	155.622
413.3	0	155.834
413.7	0	155.946
414.1	0	156.158
414.5	0	156.27
414.9	0	156.482
415.2	0	156.416
415.6	0	156.528
416	0	156.74
416.4	0	156.852
416.8	0	157.064
417.2	0	157.176
417.6	0	157.388
417.9	0	157.222
418.3	0	157.434
418.7	0	157.546
419.1	0	157.758
419.5	0	157.87
419.9	0	158.082
420.3	0	158.194
420.6	0	158.128
421	0	158.34
421.4	0	158.452
421.8	0	158.664